2 0.164844 0.134722 0.035937 0.069444
2 0.660547 0.155556 0.032031 0.050000
2 0.660547 0.204167 0.028906 0.047222
2 0.650781 0.249306 0.029687 0.056944
2 0.692969 0.153472 0.029687 0.048611
2 0.725781 0.173611 0.026562 0.047222
2 0.695312 0.204861 0.031250 0.048611
2 0.727734 0.224306 0.025781 0.043056
2 0.689453 0.248611 0.033594 0.055556
2 0.731250 0.279167 0.032813 0.044444
2 0.701953 0.295833 0.033594 0.047222
2 0.673828 0.323611 0.035156 0.063889
2 0.703906 0.352778 0.035937 0.052778
2 0.733203 0.323611 0.032031 0.052778
2 0.737500 0.377778 0.034375 0.055556
2 0.706250 0.402083 0.032813 0.051389
2 0.738281 0.438889 0.034375 0.058333
2 0.705859 0.457639 0.035156 0.059722
2 0.742188 0.493056 0.032813 0.058333
2 0.708984 0.518750 0.033594 0.054167
2 0.743359 0.554167 0.038281 0.061111
2 0.708594 0.579167 0.035937 0.052778
2 0.745703 0.615972 0.038281 0.062500
2 0.709375 0.637500 0.037500 0.063889
2 0.744922 0.675694 0.041406 0.068056
2 0.712109 0.700694 0.038281 0.070833
2 0.748437 0.738194 0.039062 0.070833
2 0.712109 0.768750 0.041406 0.068056
2 0.748047 0.806944 0.039844 0.069444
