2 0.33543 0.287008 0.0369579 0.0663222
2 0.297124 0.437303 0.038721 0.0653724
2 0.299809 0.374953 0.0361629 0.060876
2 0.305678 0.24673 0.037098 0.0639426
2 0.260768 0.531134 0.0365852 0.0659423
2 0.324805 0.0641915 0.0359025 0.0631486
2 0.33507 0.367411 0.0362313 0.0609887
2 0.297038 0.0289544 0.0354455 0.0579088
2 0.296551 0.500736 0.0362979 0.0612222
2 0.294755 0.565024 0.0371876 0.0621441
2 0.29094 0.0863556 0.0375317 0.0651033
2 0.27241 0.281479 0.0353045 0.0588434
2 0.312773 0.185996 0.0346572 0.0597734
2 0.303246 0.313303 0.0367934 0.0642665
2 0.257983 0.42524 0.0390429 0.0632991
2 0.293845 0.732083 0.0397622 0.0676053
2 0.284936 0.147282 0.0377753 0.0627391
2 0.268035 0.339965 0.0364018 0.0623317
2 0.318507 0.125659 0.0359731 0.0634043
2 0.291263 0.628383 0.0391012 0.0635896
2 0.266112 0.23229 0.0402609 0.0601355
2 0.328815 0.01773 0.032322 0.0354599
2 0.254468 0.725486 0.0378796 0.0604741
2 0.264474 0.474672 0.0363121 0.0556111
2 0.262478 0.590027 0.0359979 0.0597722
2 0.280709 0.199372 0.0328034 0.0483639
2 0.24801 0.628219 0.044827 0.0689877
2 0.265334 0.403831 0.0361326 0.0606937
2 0.25935 0.600159 0.0364911 0.0684352
2 0.259265 0.666883 0.0362433 0.0554537
