2 0.554034 0.277511 0.0411128 0.0712694
2 0.154374 0.251729 0.0437609 0.0780519
2 0.63173 0.272663 0.0398043 0.0669581
2 0.368083 0.23154 0.0437378 0.0804357
2 0.393096 0.293674 0.0421023 0.0765985
2 0.727647 0.392765 0.044278 0.0725894
2 0.593822 0.273879 0.0404903 0.0689292
2 0.530657 0.211985 0.0417278 0.0710018
2 0.285424 0.238064 0.0439805 0.0793111
2 0.409353 0.225692 0.0439503 0.0749702
2 0.198034 0.245919 0.0462573 0.0770362
2 0.730472 0.461972 0.0433316 0.0688065
2 0.51471 0.282188 0.0395884 0.0747879
2 0.112703 0.270381 0.047471 0.0807575
2 0.731803 0.530749 0.0435542 0.0714391
2 0.669812 0.269983 0.0393904 0.072439
2 0.727287 0.32225 0.0415089 0.0690518
2 0.450473 0.221586 0.0408913 0.0740751
2 0.648451 0.205331 0.0422066 0.0735836
2 0.43376 0.289509 0.0422169 0.0729625
2 0.490754 0.21701 0.041967 0.0715949
2 0.474939 0.283399 0.0409969 0.0736464
2 0.241546 0.242535 0.0444681 0.0810684
2 0.326678 0.235782 0.0423606 0.081638
2 0.61028 0.20745 0.0417401 0.0729921
2 0.57071 0.209508 0.0427574 0.0735972
2 0.68691 0.329599 0.0417635 0.070025
2 0.71057 0.262345 0.0445715 0.0708667
2 0.686635 0.202315 0.0383545 0.0695758
2 0.724227 0.198105 0.0378798 0.0670492
