2 0.529939 0.342189 0.0405949 0.0678282
2 0.655773 0.341617 0.0392172 0.0682615
2 0.742617 0.472212 0.0436487 0.0688975
2 0.616548 0.345735 0.0409052 0.0674148
2 0.42541 0.287836 0.0421576 0.0768666
2 0.466295 0.282342 0.0433599 0.073455
2 0.345324 0.291949 0.0420163 0.0797355
2 0.703829 0.405989 0.04231 0.0678595
2 0.743596 0.54217 0.0442736 0.0710334
2 0.734832 0.33733 0.0434574 0.0668482
2 0.694437 0.340229 0.0394463 0.0671782
2 0.172642 0.299315 0.0449954 0.0712114
2 0.489099 0.34263 0.0402527 0.0700823
2 0.586718 0.273257 0.04063 0.0719224
2 0.625753 0.272662 0.0405266 0.0718665
2 0.259672 0.299235 0.0425802 0.0782222
2 0.508084 0.278724 0.0409264 0.0715199
2 0.547294 0.278025 0.0420456 0.0775465
2 0.664226 0.270973 0.039057 0.072093
2 0.743678 0.404189 0.0391989 0.0663687
2 0.302618 0.294487 0.0443692 0.0766054
2 0.741661 0.268246 0.0390467 0.0656403
2 0.447663 0.347817 0.0425147 0.0747194
2 0.744974 0.615708 0.0453748 0.0729324
2 0.12782 0.311127 0.0432076 0.0755302
2 0.214453 0.298178 0.0424868 0.076613
2 0.572878 0.342186 0.0420994 0.0730038
2 0.384829 0.287093 0.0416636 0.0761397
2 0.403627 0.353515 0.0406155 0.0754378
2 0.702244 0.270401 0.0379252 0.0670193
