2 0.509968 0.472533 0.0825378 0.0418125
2 0.675432 0.442666 0.0846814 0.0436434
2 0.347956 0.544054 0.0836756 0.047991
2 0.317637 0.461765 0.0899696 0.0450717
2 0.680452 0.574375 0.0912735 0.0503565
2 0.172251 0.444468 0.0834558 0.0458532
2 0.593342 0.531421 0.0848665 0.0483408
2 0.338609 0.404481 0.0866355 0.0456453
2 0.593711 0.477688 0.0816894 0.0468185
2 0.360166 0.326371 0.0795453 0.0389326
2 0.313577 0.503462 0.081472 0.0419743
2 0.679191 0.528134 0.0915824 0.0481869
2 0.579034 0.364636 0.0825776 0.041728
2 0.418149 0.364063 0.0796401 0.0421733
2 0.251204 0.444147 0.0793877 0.0455599
2 0.412558 0.472891 0.092004 0.0436738
2 0.677317 0.483655 0.088138 0.0443043
2 0.184172 0.363111 0.0807526 0.0394123
2 0.384621 0.434699 0.0830977 0.0416992
2 0.56085 0.440419 0.0862703 0.0450493
2 0.28298 0.325839 0.0818916 0.0385696
2 0.431604 0.404125 0.0849696 0.0450987
2 0.436733 0.327292 0.0785836 0.0391739
2 0.427648 0.516001 0.0922752 0.0497339
2 0.511401 0.517564 0.0889916 0.0494984
2 0.591232 0.584232 0.0898126 0.0459436
2 0.511929 0.328162 0.0811336 0.041051
2 0.194383 0.325367 0.0829909 0.0403873
2 0.263577 0.363353 0.0778137 0.0405581
2 0.668726 0.3263 0.0834758 0.0409825
2 0.591684 0.402859 0.0805025 0.0412282
2 0.670505 0.401866 0.0778968 0.0411325
2 0.177155 0.401507 0.0805702 0.0406889
2 0.591159 0.327946 0.0769284 0.0388777
2 0.258495 0.402311 0.0793419 0.0386763
2 0.512235 0.403728 0.0831721 0.0454884
2 0.340499 0.362632 0.0814396 0.040071
2 0.498651 0.364892 0.0817976 0.0400579
2 0.464673 0.441307 0.085718 0.0448925
2 0.660575 0.36462 0.084177 0.0410361
