2 0.293096 0.416478 0.0435298 0.0750002
2 0.32822 0.369239 0.0435566 0.0771289
2 0.408525 0.394311 0.0426545 0.07599
2 0.461521 0.372985 0.0440929 0.0746012
2 0.225953 0.210593 0.0433325 0.0719777
2 0.509016 0.513849 0.0450699 0.0746397
2 0.382207 0.447672 0.042766 0.0712459
2 0.354102 0.211064 0.0404774 0.0721969
2 0.952291 0.691668 0.0522678 0.0859584
2 0.475532 0.479205 0.0421846 0.073623
2 0.585331 0.0193796 0.0295373 0.0387591
2 0.324466 0.56909 0.0487554 0.0847958
2 0.393001 0.43792 0.0383565 0.0644326
2 0.480049 0.486023 0.0456326 0.0805106
