2 0.207639 0.296094 0.087500 0.048438
2 0.298611 0.299219 0.077778 0.039062
2 0.374306 0.302734 0.065278 0.039844
2 0.452778 0.303125 0.063889 0.037500
2 0.528472 0.299219 0.076389 0.043750
2 0.614583 0.298828 0.076389 0.039844
2 0.685417 0.296875 0.090278 0.048438
2 0.206250 0.343359 0.079167 0.046094
2 0.282639 0.344922 0.073611 0.044531
2 0.361806 0.342969 0.081944 0.046875
2 0.439583 0.342578 0.073611 0.044531
2 0.516667 0.341797 0.080556 0.044531
2 0.595139 0.342969 0.081944 0.037500
2 0.676389 0.342187 0.077778 0.042188
2 0.206250 0.385937 0.073611 0.042188
2 0.284028 0.386719 0.076389 0.039062
2 0.364583 0.387500 0.087500 0.042188
2 0.456250 0.387500 0.079167 0.045312
2 0.533333 0.383984 0.086111 0.046094
2 0.622917 0.457422 0.084722 0.041406
2 0.690972 0.384766 0.084722 0.044531
2 0.204861 0.429297 0.081944 0.044531
2 0.285417 0.429297 0.087500 0.046094
2 0.409722 0.419531 0.080556 0.042188
2 0.497222 0.423828 0.080556 0.039844
2 0.570833 0.421875 0.086111 0.046875
2 0.688889 0.426563 0.086111 0.043750
2 0.354861 0.448047 0.084722 0.042969
2 0.208333 0.473828 0.083333 0.044531
2 0.287500 0.473047 0.088889 0.046094
2 0.384722 0.489844 0.083333 0.050000
2 0.451389 0.457031 0.080556 0.045312
2 0.536111 0.461328 0.077778 0.042969
2 0.608333 0.383203 0.072222 0.042969
2 0.695139 0.469531 0.076389 0.046875
2 0.458333 0.500391 0.080556 0.047656
2 0.535417 0.501172 0.081944 0.044531
2 0.611806 0.503125 0.087500 0.046875
2 0.695139 0.514062 0.073611 0.046875
2 0.555556 0.543359 0.086111 0.046094
