2 0.265004 0.383692 0.0799125 0.0421485
2 0.432703 0.383834 0.087212 0.0434308
2 0.594993 0.457229 0.080377 0.0452383
2 0.186852 0.471492 0.0826669 0.0462976
2 0.552799 0.420755 0.0815745 0.043828
2 0.511963 0.30107 0.0807648 0.0417302
2 0.358196 0.300446 0.0814412 0.0427542
2 0.361303 0.49028 0.0909309 0.0470495
2 0.433178 0.456598 0.0814788 0.0430463
2 0.475329 0.420668 0.0835602 0.0431303
2 0.267114 0.342515 0.0774361 0.0411619
2 0.66903 0.425669 0.0843872 0.0436089
2 0.666466 0.383667 0.0772739 0.0413024
2 0.265519 0.472411 0.0825075 0.0472694
2 0.536234 0.542651 0.082761 0.0463807
2 0.51471 0.457432 0.0815036 0.0421805
2 0.392252 0.419228 0.0805825 0.0424729
2 0.66616 0.299087 0.0820443 0.0429738
2 0.578774 0.342034 0.0804692 0.0434501
2 0.345197 0.385016 0.0833617 0.0465277
2 0.345113 0.34282 0.0770183 0.0425035
2 0.657558 0.341797 0.0821861 0.0427439
2 0.591268 0.383235 0.0791097 0.0413003
2 0.189248 0.343483 0.078959 0.0418236
2 0.670074 0.512635 0.08084 0.0438955
2 0.5008 0.342728 0.0774328 0.0424286
2 0.265181 0.427773 0.0812546 0.0451498
2 0.18857 0.384995 0.0795847 0.0418859
2 0.435053 0.300267 0.080368 0.0421599
2 0.278456 0.299435 0.0867199 0.0445633
2 0.671224 0.469025 0.0806454 0.0447537
2 0.513569 0.383693 0.082506 0.0438635
2 0.190019 0.299284 0.088162 0.0462975
2 0.423299 0.342793 0.0798255 0.0431771
2 0.187448 0.428037 0.0824702 0.0438135
2 0.594647 0.500868 0.0792061 0.0430292
2 0.336697 0.448014 0.0847922 0.0437416
2 0.589078 0.300613 0.0797185 0.0411809
2 0.439918 0.500287 0.0814107 0.0463803
2 0.516695 0.500381 0.0799143 0.0437645
