2 0.696413 0.495042 0.0819157 0.0435312
2 0.368621 0.418297 0.07976 0.0438762
2 0.673528 0.372232 0.0812244 0.0406084
2 0.292714 0.458929 0.078802 0.0405214
2 0.578456 0.56839 0.0868942 0.0472891
2 0.682444 0.331847 0.0790816 0.0431228
2 0.387774 0.519318 0.0872772 0.0463403
2 0.619711 0.483174 0.0799261 0.0418854
2 0.464919 0.528484 0.0814645 0.046357
2 0.305447 0.336568 0.0826163 0.0413455
2 0.382375 0.336751 0.0770599 0.0390903
2 0.687343 0.41187 0.0793616 0.0418029
2 0.214451 0.503971 0.0815742 0.0440689
2 0.539935 0.486835 0.0803704 0.0422668
2 0.458633 0.485704 0.0804719 0.0421498
2 0.53088 0.335276 0.0756308 0.038712
2 0.216237 0.46011 0.0794319 0.0418448
2 0.544809 0.529561 0.0789206 0.0423929
2 0.698394 0.539363 0.0827868 0.0447723
2 0.595863 0.371866 0.0799988 0.0439201
2 0.293128 0.378226 0.0786988 0.0416327
2 0.419292 0.450657 0.0807815 0.0411253
2 0.216646 0.419044 0.0789859 0.0422353
2 0.361102 0.47955 0.0817864 0.043864
2 0.690583 0.454353 0.0804589 0.043231
2 0.293157 0.503254 0.0832327 0.0472055
2 0.291843 0.418212 0.0761594 0.0402781
2 0.445555 0.375225 0.0807274 0.041372
2 0.576909 0.450441 0.0806947 0.0417208
2 0.457421 0.335696 0.0763199 0.0383805
2 0.369199 0.377692 0.0762525 0.0414642
2 0.621902 0.526246 0.0807306 0.0423231
2 0.215134 0.379112 0.0815352 0.041998
2 0.521199 0.373956 0.0760159 0.0402982
2 0.612258 0.413127 0.0805222 0.0429034
2 0.534254 0.415337 0.081249 0.0436053
2 0.457527 0.415067 0.0830575 0.0420667
2 0.217602 0.337911 0.0864768 0.0409555
2 0.605158 0.333569 0.0755213 0.038584
2 0.499856 0.451128 0.0814265 0.0414554
