2 0.146484 0.135417 0.038281 0.070833
2 0.651953 0.143750 0.032031 0.056944
2 0.684375 0.147917 0.031250 0.051389
2 0.716797 0.150694 0.025781 0.054167
2 0.655469 0.188889 0.028125 0.044444
2 0.687891 0.190972 0.030469 0.056944
2 0.722656 0.207639 0.034375 0.054167
2 0.638672 0.234722 0.036719 0.063889
2 0.678516 0.235417 0.033594 0.062500
2 0.724609 0.256944 0.036719 0.052778
2 0.664453 0.303472 0.030469 0.059722
2 0.694531 0.279167 0.026562 0.050000
2 0.698828 0.331944 0.033594 0.050000
2 0.731250 0.304861 0.034375 0.056944
2 0.733984 0.356250 0.033594 0.059722
2 0.700000 0.386111 0.035937 0.055556
2 0.737109 0.416667 0.033594 0.063889
2 0.705859 0.442361 0.042969 0.062500
2 0.742578 0.470833 0.035156 0.052778
2 0.708594 0.500000 0.043750 0.066667
2 0.707422 0.553472 0.044531 0.065278
2 0.744531 0.529861 0.042188 0.070833
2 0.710156 0.615972 0.045312 0.079167
2 0.746094 0.588194 0.046875 0.062500
2 0.750391 0.656250 0.041406 0.068056
2 0.712500 0.686806 0.046875 0.076389
2 0.751953 0.726389 0.041406 0.072222
2 0.714453 0.752083 0.046094 0.079167
2 0.753906 0.796528 0.048438 0.079167
