2 0.750927 0.45445 0.0407013 0.0696871
2 0.701145 0.390553 0.0390543 0.0647475
2 0.741272 0.388301 0.041967 0.0686207
2 0.490685 0.389911 0.0415845 0.0719382
2 0.709938 0.319256 0.0406496 0.0686098
2 0.748977 0.319553 0.0417575 0.0670003
2 0.554248 0.32743 0.0426882 0.0731332
2 0.750094 0.522363 0.0452191 0.0701853
2 0.57548 0.390214 0.0403431 0.0689812
2 0.61907 0.392126 0.0422329 0.0660531
2 0.663097 0.392139 0.0395368 0.064674
2 0.671704 0.322071 0.0401958 0.070587
2 0.204697 0.350146 0.0451382 0.0750724
2 0.158116 0.352674 0.0430867 0.0787613
2 0.0998271 0.360391 0.0443676 0.0794096
2 0.253783 0.347168 0.04585 0.0748992
2 0.342585 0.342706 0.041636 0.0727588
2 0.299011 0.344854 0.0436282 0.0747384
2 0.534576 0.388594 0.0418927 0.0717726
2 0.447572 0.39708 0.0408932 0.0683534
2 0.465519 0.334495 0.0405632 0.0717734
2 0.384135 0.341035 0.0421729 0.0742051
2 0.751014 0.66068 0.0439514 0.0726322
2 0.711006 0.455851 0.041111 0.0697908
2 0.513001 0.331595 0.0407294 0.0733875
2 0.750339 0.592008 0.0447246 0.0730287
2 0.40723 0.405088 0.038778 0.0645257
2 0.632261 0.323521 0.0409819 0.0709287
2 0.424718 0.338603 0.0421558 0.0739633
2 0.593536 0.324828 0.0401478 0.0734769
