2 0.726472 0.909085 0.0433189 0.0732035
2 0.653193 0.818971 0.0423515 0.0679708
2 0.638505 0.910142 0.0459166 0.0757416
2 0.670016 0.700433 0.0437485 0.0696347
2 0.624544 0.1339 0.0395298 0.0636035
2 0.733392 0.356147 0.0367559 0.0623966
2 0.737616 0.759144 0.0375063 0.0665939
2 0.689865 0.185367 0.0382088 0.0601257
2 0.742163 0.616579 0.0381859 0.0711334
2 0.726465 0.296438 0.0356253 0.0571595
2 0.726935 0.831602 0.0446664 0.0733471
2 0.735348 0.483253 0.0345411 0.0629645
2 0.68006 0.330931 0.0362595 0.0568309
2 0.719063 0.138033 0.0349983 0.0579606
2 0.735803 0.548098 0.0375586 0.0608856
2 0.590125 0.19346 0.0446511 0.0635856
2 0.648299 0.182976 0.0380537 0.0574249
2 0.174698 0.146226 0.0428238 0.0696881
2 0.586377 0.133284 0.0384389 0.0589171
2 0.740352 0.416438 0.0361417 0.0613993
2 0.709169 0.237903 0.0359582 0.0590359
2 0.569156 0.263531 0.0390575 0.0630593
2 0.678165 0.391091 0.0364147 0.0624642
2 0.670938 0.584769 0.0372287 0.0650185
2 0.666254 0.274449 0.043559 0.0618601
2 0.669465 0.45613 0.0403049 0.0620697
2 0.740168 0.68646 0.0379737 0.0659471
2 0.625967 0.343294 0.0409792 0.0638748
2 0.624693 0.229102 0.0395132 0.0597724
2 0.657857 0.521256 0.0424615 0.0686632
