2 0.628472 0.279297 0.098611 0.047656
2 0.628472 0.322266 0.084722 0.049219
2 0.633333 0.366797 0.102778 0.052344
2 0.631250 0.410156 0.087500 0.046875
2 0.631250 0.457422 0.095833 0.047656
2 0.632639 0.503906 0.093056 0.051562
2 0.637500 0.555078 0.088889 0.044531
2 0.635417 0.610156 0.093056 0.053125
2 0.636111 0.658594 0.097222 0.051562
2 0.636806 0.714453 0.109722 0.057031
2 0.539583 0.275000 0.084722 0.046875
2 0.543750 0.316797 0.084722 0.041406
2 0.543056 0.360938 0.083333 0.046875
2 0.543056 0.408984 0.083333 0.047656
2 0.548611 0.478516 0.091667 0.049219
2 0.551389 0.527734 0.088889 0.047656
2 0.556944 0.575781 0.088889 0.048438
2 0.551389 0.630859 0.088889 0.042969
2 0.539583 0.720703 0.087500 0.057031
2 0.447917 0.715625 0.095833 0.051562
2 0.360417 0.687891 0.112500 0.058594
2 0.493056 0.671875 0.102778 0.056250
2 0.410417 0.642969 0.112500 0.056250
2 0.468056 0.600391 0.094444 0.055469
2 0.470833 0.548828 0.091667 0.046094
2 0.469444 0.498828 0.091667 0.044531
2 0.472222 0.451953 0.094444 0.047656
2 0.458333 0.403906 0.091667 0.048438
2 0.454167 0.355859 0.094444 0.047656
2 0.457639 0.310937 0.090278 0.045312
2 0.462500 0.269531 0.091667 0.048438
2 0.372222 0.263672 0.100000 0.049219
2 0.365972 0.308594 0.101389 0.045312
2 0.372222 0.355859 0.102778 0.042969
2 0.365278 0.399219 0.102778 0.050000
2 0.384028 0.453906 0.095833 0.046875
2 0.277083 0.421875 0.098611 0.051562
2 0.304861 0.478516 0.098611 0.055469
2 0.377778 0.512500 0.105556 0.053125
2 0.390278 0.574219 0.108333 0.056250
