2 0.187674 0.694028 0.0408209 0.0696418
2 0.260533 0.567714 0.0435765 0.0676236
2 0.239347 0.151379 0.0347116 0.0655785
2 0.206585 0.179905 0.0391313 0.0708167
2 0.191351 0.533022 0.043026 0.0710522
2 0.139796 0.685042 0.046906 0.0782461
2 0.230214 0.313659 0.0417259 0.0643852
2 0.213081 0.0484453 0.0356509 0.0614944
2 0.171907 0.0341366 0.0450417 0.067557
2 0.145088 0.447684 0.0457096 0.0754678
2 0.245063 0.0254392 0.0385911 0.0508785
2 0.198502 0.249202 0.0344112 0.0642757
2 0.202557 0.362778 0.0410477 0.068869
2 0.159536 0.572634 0.0449516 0.0735894
2 0.187555 0.453096 0.039986 0.0680848
2 0.165651 0.637345 0.039443 0.064738
2 0.186722 0.765686 0.0435342 0.0712046
2 0.232553 0.242817 0.0410593 0.0658853
2 0.210469 0.114332 0.0343731 0.0636757
2 0.182834 0.0878675 0.0383449 0.0590732
2 0.167196 0.342425 0.0381269 0.0660848
2 0.158624 0.2362 0.0467308 0.0590732
2 0.15452 0.811832 0.0475151 0.0707594
2 0.153988 0.740566 0.037596 0.0639899
2 0.166741 0.284642 0.0318352 0.0559055
2 0.174877 0.150439 0.0397494 0.0675625
2 0.163659 0.403398 0.0358737 0.0564053
2 0.159099 0.505992 0.0400847 0.0618683
