2 0.481709 0.290867 0.0382126 0.0665391
2 0.517371 0.290776 0.037154 0.0692224
2 0.65354 0.297606 0.0354589 0.0649541
2 0.80554 0.492318 0.0462075 0.0757423
2 0.251404 0.247706 0.0398204 0.0704713
2 0.288691 0.249104 0.0370529 0.0670057
2 0.719329 0.300379 0.0366364 0.0636017
2 0.633458 0.252543 0.0342796 0.0530218
2 0.359074 0.251606 0.0361089 0.0673239
2 0.39472 0.252188 0.0373105 0.0660083
2 0.463986 0.252173 0.0367226 0.0616118
2 0.551599 0.292438 0.0360592 0.0700546
2 0.764181 0.259681 0.0355059 0.0572188
2 0.794693 0.435902 0.0433908 0.0611389
2 0.42967 0.253915 0.0359107 0.0660244
2 0.740492 0.340302 0.0380145 0.0659906
2 0.586352 0.292478 0.0366617 0.0705914
2 0.324252 0.251503 0.0362003 0.0670016
2 0.666891 0.253615 0.0341227 0.0530804
2 0.533567 0.24815 0.0355265 0.0480053
2 0.6989 0.256479 0.0337219 0.0525807
2 0.566875 0.24878 0.0340179 0.0498907
2 0.619893 0.295273 0.0348358 0.0659518
2 0.785782 0.38736 0.0411184 0.0576441
2 0.600742 0.249268 0.0349328 0.0504389
2 0.731062 0.258091 0.0318287 0.0468309
2 0.776807 0.340956 0.0388077 0.0622563
2 0.68679 0.297641 0.0336968 0.0672231
2 0.754681 0.297891 0.0356123 0.0535183
2 0.499223 0.248809 0.0359709 0.0521606
2 0.477951 0.273815 0.0362288 0.070623
2 0.760228 0.280517 0.0362137 0.0681079
