2 0.785883 0.389417 0.0368481 0.0612768
2 0.727439 0.435486 0.037044 0.065046
2 0.51017 0.343561 0.0361097 0.0626999
2 0.806236 0.685797 0.0480407 0.0775554
2 0.302138 0.355747 0.040569 0.0674386
2 0.673841 0.370176 0.0334784 0.0612326
2 0.344254 0.365511 0.0416413 0.0707737
2 0.800327 0.57046 0.043717 0.0733044
2 0.54322 0.346499 0.0347822 0.057574
2 0.326647 0.312268 0.0378588 0.0578231
2 0.790852 0.504813 0.0408714 0.0658517
2 0.235005 0.299724 0.0421985 0.0699112
2 0.522511 0.39957 0.0437845 0.069411
2 0.576428 0.350096 0.035198 0.0553361
2 0.693794 0.422638 0.0349026 0.0612735
2 0.757735 0.466332 0.0350126 0.0617494
2 0.642194 0.363691 0.0342011 0.059834
2 0.475958 0.339114 0.0360638 0.0632149
2 0.396507 0.323943 0.0371795 0.0641691
2 0.705231 0.373434 0.0336548 0.053272
2 0.417596 0.369468 0.0411194 0.0679377
2 0.561894 0.398784 0.0369631 0.0685355
2 0.650997 0.415779 0.0411427 0.0636208
2 0.442038 0.33113 0.0353491 0.0561054
2 0.609204 0.357339 0.0332411 0.0564536
2 0.361723 0.318582 0.0360462 0.0604688
2 0.73651 0.378365 0.0319166 0.0520792
2 0.791385 0.45019 0.0344519 0.0551524
2 0.761752 0.413563 0.0316977 0.050349
2 0.283445 0.308298 0.0427362 0.0647235
2 0.584384 0.352853 0.0287489 0.0509679
2 0.313571 0.319703 0.0357038 0.0529065
2 0.654183 0.40356 0.0372683 0.0814899
