2 0.171487 0.266919 0.0422331 0.0711425
2 0.687564 0.309689 0.0353369 0.0526566
2 0.763951 0.761741 0.0367203 0.0661085
2 0.72422 0.372495 0.0323738 0.058589
2 0.724501 0.936757 0.0396107 0.0693176
2 0.729411 0.601869 0.034941 0.0641078
2 0.764427 0.896449 0.0372606 0.0678297
2 0.696092 0.511754 0.036854 0.0620434
2 0.68941 0.369465 0.0376806 0.0648633
2 0.76439 0.632164 0.0363215 0.0639611
2 0.764396 0.828571 0.0372579 0.0679545
2 0.76235 0.964566 0.041043 0.0708674
2 0.760296 0.445826 0.0361532 0.0621281
2 0.722559 0.313677 0.034467 0.0581585
2 0.727116 0.665279 0.0359854 0.0609243
2 0.674329 0.43 0.0372395 0.0568683
2 0.761543 0.506949 0.0345253 0.065028
2 0.726137 0.729913 0.0356054 0.0648658
2 0.726909 0.864431 0.0388265 0.0690613
2 0.764635 0.694753 0.0364445 0.0643016
2 0.729075 0.538049 0.0367821 0.0631101
2 0.759168 0.386923 0.0347809 0.0588876
2 0.727563 0.796546 0.0367075 0.0662777
2 0.763103 0.568322 0.0349189 0.0624459
2 0.728275 0.478325 0.0360575 0.0611103
2 0.758519 0.324878 0.0341496 0.057173
2 0.711206 0.426958 0.033819 0.0574455
2 0.91564 0.355963 0.0195576 0.0374287
2 0.754732 0.957978 0.0296534 0.069093
