2 0.805543 0.518727 0.0468518 0.0756684
2 0.276948 0.316393 0.0375021 0.0675118
2 0.41873 0.311743 0.0379656 0.0688219
2 0.780987 0.41829 0.044663 0.0607395
2 0.754056 0.300185 0.0335547 0.0518617
2 0.771701 0.373381 0.0365026 0.0543527
2 0.542129 0.342346 0.0356733 0.0658575
2 0.313396 0.314858 0.0371286 0.0682133
2 0.792696 0.463422 0.0438486 0.0622537
2 0.240358 0.315703 0.0401473 0.0739541
2 0.576728 0.341767 0.0363773 0.0666977
2 0.506983 0.343535 0.0357025 0.0675657
2 0.746988 0.335163 0.0385777 0.0466497
2 0.383806 0.313195 0.0363529 0.0680492
2 0.471989 0.346732 0.0393616 0.0680803
2 0.721156 0.301464 0.0327538 0.0503685
2 0.689214 0.300382 0.0337232 0.0498576
2 0.734764 0.378237 0.0382188 0.0651986
2 0.644124 0.340705 0.0340818 0.0629479
2 0.348903 0.314773 0.0356868 0.0644897
2 0.710531 0.341339 0.0363695 0.0627118
2 0.590955 0.299342 0.0336377 0.0500921
2 0.656256 0.300476 0.0341043 0.049614
2 0.488777 0.305183 0.0375187 0.0527833
2 0.622883 0.299708 0.034679 0.0521553
2 0.556209 0.30247 0.0356043 0.05366
2 0.677359 0.342218 0.0334899 0.065948
2 0.523127 0.304043 0.034413 0.0522581
2 0.611073 0.341377 0.0362379 0.0657123
2 0.4548 0.308997 0.0357698 0.0622192
2 0.468513 0.336701 0.0368607 0.0658294
2 0.586538 0.30991 0.0335053 0.0390573
2 0.798468 0.484736 0.0437689 0.0612344
