2 0.268349 0.190899 0.0433424 0.0757739
2 0.430666 0.166156 0.0414754 0.0709686
2 0.608043 0.210651 0.0398582 0.0708081
2 0.737695 0.25401 0.038273 0.0648392
2 0.453348 0.227288 0.0398815 0.0699467
2 0.492721 0.222589 0.0389355 0.0708258
2 0.413931 0.233385 0.0438644 0.0773827
2 0.585125 0.148859 0.0402487 0.0705054
2 0.62302 0.145158 0.0404083 0.0701995
2 0.644393 0.208411 0.0381081 0.0667067
2 0.350456 0.179444 0.0421009 0.0749574
2 0.310082 0.182636 0.0425693 0.0735023
2 0.531958 0.216191 0.0400637 0.07399
2 0.570135 0.21309 0.0401899 0.0716035
2 0.14099 0.216583 0.0499808 0.0813408
2 0.681182 0.204992 0.0378918 0.0664941
2 0.186093 0.203905 0.0429248 0.0748121
2 0.226964 0.197751 0.0432599 0.0802633
2 0.698449 0.260068 0.0412426 0.0677169
2 0.659943 0.141482 0.0405055 0.0682815
2 0.547145 0.153679 0.0415929 0.0735495
2 0.74136 0.389081 0.0432041 0.0687058
2 0.738319 0.320705 0.0427341 0.068491
2 0.469747 0.160823 0.0409357 0.0717726
2 0.389964 0.171666 0.0410728 0.0755508
2 0.731715 0.134201 0.0381579 0.0614372
2 0.744384 0.457592 0.0450123 0.071199
2 0.507829 0.157685 0.0405019 0.071389
2 0.718258 0.194329 0.0398952 0.0651093
2 0.69596 0.138986 0.0373228 0.0672325
