2 0.41927 0.29216 0.0420944 0.0783546
2 0.238819 0.25205 0.0427077 0.0773976
2 0.317874 0.240948 0.0414819 0.073763
2 0.278293 0.245789 0.0421451 0.073935
2 0.548583 0.221309 0.040023 0.0705011
2 0.606058 0.275573 0.0378727 0.0708228
2 0.678833 0.273255 0.0380108 0.067647
2 0.585827 0.217619 0.0384221 0.0707224
2 0.494841 0.282753 0.0400734 0.0752043
2 0.396199 0.235246 0.0430045 0.0754804
2 0.435405 0.23087 0.0407315 0.071553
2 0.510851 0.223231 0.0406067 0.0704513
2 0.570081 0.276674 0.0397403 0.0709203
2 0.473371 0.227211 0.0394703 0.0696836
2 0.695281 0.327874 0.0399303 0.0690821
2 0.641982 0.273345 0.0382127 0.0696934
2 0.196869 0.254197 0.0438269 0.0763799
2 0.357282 0.237648 0.040613 0.0754267
2 0.73405 0.321666 0.0401648 0.0654426
2 0.532433 0.279184 0.0403391 0.0739265
2 0.457016 0.286497 0.0394314 0.074887
2 0.657506 0.211444 0.0395426 0.0655103
2 0.73657 0.3849 0.0432983 0.0678085
2 0.153713 0.259313 0.0478292 0.0797019
2 0.742512 0.51989 0.0436474 0.0683088
2 0.621363 0.214124 0.0387474 0.0667649
2 0.738452 0.453521 0.0440422 0.0686713
2 0.715035 0.268054 0.0373701 0.0634474
2 0.727645 0.208301 0.0368276 0.0622707
2 0.691975 0.211122 0.0336844 0.0609145
2 0.241917 0.242885 0.0426121 0.0667639
2 0.220052 0.232474 0.0322198 0.0387223
