2 0.349219 0.022222 0.043750 0.041667
2 0.307812 0.027083 0.042188 0.051389
2 0.337109 0.063194 0.039844 0.073611
2 0.293750 0.078472 0.040625 0.081944
2 0.324219 0.130556 0.043750 0.075000
2 0.286328 0.134028 0.036719 0.068056
2 0.267578 0.157639 0.046094 0.081944
2 0.310937 0.188889 0.043750 0.077778
2 0.270313 0.215972 0.040625 0.079167
2 0.300781 0.254861 0.039062 0.081944
2 0.342187 0.265278 0.046875 0.066667
2 0.260547 0.287500 0.042969 0.080556
2 0.294531 0.327083 0.045312 0.076389
2 0.253906 0.343056 0.039062 0.063889
2 0.240625 0.371528 0.048438 0.084722
2 0.284766 0.395833 0.044531 0.077778
2 0.320703 0.445139 0.044531 0.073611
2 0.244141 0.431250 0.041406 0.068056
2 0.280078 0.465278 0.042969 0.066667
2 0.235156 0.491667 0.042188 0.069444
2 0.268359 0.538194 0.046094 0.076389
2 0.230078 0.559722 0.041406 0.066667
2 0.211328 0.596528 0.050781 0.073611
2 0.262891 0.615278 0.046094 0.075000
2 0.219922 0.647222 0.044531 0.072222
2 0.258984 0.722917 0.039844 0.070833
2 0.213281 0.721528 0.042188 0.070833
