2 0.209766 0.311806 0.033594 0.070833
2 0.245703 0.311806 0.041406 0.068056
2 0.283594 0.307639 0.037500 0.070833
2 0.319141 0.306944 0.038281 0.066667
2 0.353906 0.301389 0.034375 0.063889
2 0.392188 0.301389 0.037500 0.066667
2 0.426563 0.297222 0.035937 0.058333
2 0.463672 0.288889 0.033594 0.047222
2 0.497266 0.281944 0.035156 0.041667
2 0.530859 0.279861 0.036719 0.043056
2 0.566016 0.279167 0.039844 0.038889
2 0.602344 0.281944 0.032813 0.044444
2 0.635547 0.278472 0.035156 0.043056
2 0.667969 0.276389 0.032813 0.036111
2 0.701562 0.280556 0.032813 0.050000
2 0.735938 0.275694 0.034375 0.056944
2 0.443750 0.327778 0.032813 0.055556
2 0.479687 0.325694 0.040625 0.068056
2 0.518750 0.322222 0.039062 0.066667
2 0.552344 0.320833 0.037500 0.061111
2 0.587500 0.320139 0.034375 0.065278
2 0.623828 0.318750 0.033594 0.068056
2 0.657422 0.316667 0.036719 0.069444
2 0.691406 0.315972 0.037500 0.056944
2 0.730078 0.307639 0.039844 0.037500
2 0.716797 0.345833 0.038281 0.069444
2 0.754687 0.339583 0.042188 0.056944
2 0.765625 0.379861 0.050000 0.048611
2 0.776172 0.417361 0.044531 0.065278
2 0.791016 0.465972 0.050781 0.081944
