2 0.322656 0.025000 0.040625 0.047222
2 0.359375 0.034722 0.040625 0.061111
2 0.309375 0.066667 0.046875 0.058333
2 0.358594 0.090972 0.043750 0.062500
2 0.364063 0.161111 0.045312 0.069444
2 0.322656 0.120139 0.035937 0.076389
2 0.278516 0.102778 0.038281 0.063889
2 0.269922 0.157639 0.049219 0.076389
2 0.307422 0.190972 0.042969 0.076389
2 0.342187 0.230556 0.050000 0.075000
2 0.300000 0.254167 0.045312 0.072222
2 0.235156 0.221528 0.045312 0.081944
2 0.262109 0.217361 0.027344 0.073611
2 0.239063 0.284722 0.046875 0.069444
2 0.276953 0.318750 0.049219 0.073611
2 0.323437 0.374306 0.051562 0.084722
2 0.224609 0.344444 0.047656 0.077778
2 0.271094 0.389583 0.054688 0.081944
2 0.209766 0.417361 0.060156 0.090278
2 0.264062 0.465278 0.053125 0.077778
2 0.276562 0.532639 0.046875 0.076389
2 0.246484 0.584722 0.042969 0.083333
2 0.248828 0.672917 0.049219 0.084722
2 0.199219 0.558333 0.050000 0.066667
2 0.198047 0.488194 0.058594 0.068056
2 0.185938 0.617361 0.040625 0.087500
2 0.163281 0.651389 0.056250 0.077778
2 0.180078 0.711111 0.055469 0.077778
2 0.162891 0.791667 0.057031 0.080556
