2 0.442482 0.342643 0.0371843 0.0641734
2 0.793473 0.461404 0.0482693 0.0818376
2 0.666457 0.292773 0.0328458 0.0432693
2 0.205535 0.332534 0.0389165 0.073064
2 0.479122 0.340128 0.0365786 0.063883
2 0.316668 0.324854 0.0382889 0.0683048
2 0.243398 0.330047 0.0385026 0.0706156
2 0.514348 0.337449 0.0364529 0.0625817
2 0.549001 0.333362 0.0359557 0.0653301
2 0.423644 0.316462 0.0354713 0.0623561
2 0.352251 0.322293 0.0377624 0.0685264
2 0.387923 0.319436 0.0370857 0.066182
2 0.749392 0.350073 0.0374615 0.0604293
2 0.653377 0.328014 0.0357533 0.0660924
2 0.732155 0.299548 0.0403503 0.0652404
2 0.280735 0.328269 0.0364071 0.0667443
2 0.714709 0.352356 0.0372781 0.0711985
2 0.52886 0.296035 0.0313455 0.0394417
2 0.619866 0.3293 0.0368315 0.0669779
2 0.562239 0.295413 0.0337391 0.0421667
2 0.584652 0.331117 0.035929 0.0641224
2 0.687605 0.327139 0.0327864 0.062004
2 0.597293 0.294215 0.0360195 0.0437299
2 0.632882 0.292757 0.0358694 0.0442028
2 0.77618 0.418287 0.0422454 0.0589906
2 0.494399 0.298759 0.030555 0.0412882
2 0.405076 0.316681 0.034737 0.062833
2 0.460015 0.303253 0.0335886 0.0439652
2 0.69908 0.29138 0.0317135 0.0418098
2 0.762539 0.380273 0.0449366 0.0601535
2 0.722602 0.35134 0.0380278 0.0670942
2 0.782119 0.427338 0.0471525 0.072543
