2 0.325692 0.329592 0.0433656 0.0736308
2 0.255022 0.254596 0.0404895 0.0664216
2 0.231272 0.306763 0.0451017 0.0773387
2 0.295157 0.25115 0.0400345 0.0662629
2 0.257546 0.397732 0.0447877 0.0739373
2 0.2522 0.189742 0.0427531 0.0674814
2 0.639468 0.243363 0.0411608 0.068222
2 0.302993 0.139966 0.0384808 0.061435
2 0.445298 0.304697 0.0416782 0.0649298
2 0.381856 0.390868 0.0463576 0.0732079
2 0.343661 0.152011 0.0413598 0.0618629
2 0.262144 0.13446 0.0446404 0.0579889
2 0.52463 0.266124 0.0415054 0.0630163
2 0.313586 0.194139 0.0391562 0.0643961
2 0.302275 0.476445 0.0431581 0.0718354
2 0.388281 0.164331 0.0391933 0.060463
2 0.433439 0.177007 0.0373693 0.060849
2 0.335875 0.242369 0.038819 0.0668427
2 0.277637 0.3282 0.03844 0.061646
2 0.576938 0.225972 0.0386168 0.0629354
2 0.361058 0.200795 0.0376883 0.0622481
2 0.484142 0.278901 0.0387138 0.0577864
2 0.391695 0.266128 0.0358653 0.0528319
2 0.46832 0.212054 0.0360405 0.0628585
2 0.540501 0.206878 0.0408601 0.0576726
2 0.388134 0.328859 0.0392859 0.0541673
2 0.404267 0.214763 0.0373039 0.0525998
2 0.359994 0.292351 0.0412618 0.0549208
2 0.440829 0.247631 0.0374649 0.0517889
2 0.503078 0.200647 0.0356339 0.0535585
2 0.321194 0.163133 0.0404364 0.0786103
2 0.349054 0.160839 0.0485724 0.0778341
2 0.32192 0.204221 0.0416351 0.0532188
