2 0.261834 0.0478531 0.0351863 0.059408
2 0.255714 0.110155 0.0400069 0.0635381
2 0.226678 0.0760952 0.0368183 0.0660202
2 0.231876 0.0231637 0.0370873 0.0463275
2 0.178549 0.695274 0.0462615 0.0678609
2 0.227549 0.696113 0.04028 0.0673994
2 0.243786 0.237607 0.0377394 0.0652005
2 0.231838 0.559557 0.0401394 0.0650385
2 0.234217 0.493491 0.0377471 0.0640433
2 0.191981 0.799491 0.0384154 0.0688236
2 0.27028 0.369607 0.0403977 0.0708408
2 0.201712 0.400746 0.0374039 0.0676936
2 0.215074 0.20214 0.0352979 0.0638759
2 0.230222 0.626448 0.0386719 0.0672582
2 0.27173 0.302685 0.0390394 0.0620373
2 0.194286 0.288894 0.0417588 0.065874
2 0.235206 0.366339 0.0349369 0.0618284
2 0.220645 0.14006 0.0366427 0.0620352
2 0.235069 0.430087 0.0365434 0.0619722
2 0.188492 0.49082 0.0429173 0.0707677
2 0.196838 0.595869 0.0367507 0.0672811
2 0.230471 0.797069 0.0446964 0.0756633
2 0.24897 0.174688 0.0371195 0.0617052
2 0.23588 0.300261 0.0349962 0.0617474
2 0.200891 0.534582 0.0336709 0.056884
2 0.203757 0.339601 0.0339921 0.0564031
2 0.196321 0.736767 0.0376217 0.0584673
2 0.197324 0.666424 0.0359233 0.0704163
2 0.247335 0.0336553 0.0325012 0.0580921
2 0.214945 0.254478 0.0317149 0.0526126
2 0.198686 0.461975 0.0407278 0.0620862
2 0.230098 0.0631254 0.0374041 0.0635129
