2 0.776389 0.247656 0.080556 0.046875
2 0.595139 0.280469 0.098611 0.059375
2 0.686806 0.273047 0.093056 0.058594
2 0.764583 0.308203 0.101389 0.053906
2 0.661806 0.321094 0.106944 0.051562
2 0.759722 0.354297 0.091667 0.052344
2 0.578472 0.358594 0.101389 0.050000
2 0.672222 0.380859 0.086111 0.053906
2 0.750000 0.404687 0.094444 0.053125
2 0.565278 0.403516 0.088889 0.057031
2 0.477778 0.416406 0.100000 0.054688
2 0.676389 0.428906 0.094444 0.056250
2 0.743750 0.461328 0.093056 0.052344
2 0.602778 0.452344 0.094444 0.050000
2 0.668750 0.490234 0.087500 0.049219
2 0.735417 0.520312 0.095833 0.053125
2 0.729861 0.572656 0.093056 0.054688
2 0.720833 0.624219 0.100000 0.050000
2 0.717361 0.676562 0.090278 0.051562
2 0.630556 0.668359 0.091667 0.050781
2 0.650694 0.596875 0.087500 0.054688
2 0.652778 0.541016 0.088889 0.055469
2 0.523611 0.473047 0.100000 0.060156
2 0.584028 0.506641 0.095833 0.057031
2 0.406250 0.446484 0.101389 0.053906
2 0.258333 0.491406 0.105556 0.054688
2 0.350694 0.504297 0.090278 0.053906
2 0.443750 0.493359 0.104167 0.058594
2 0.411806 0.542188 0.093056 0.053125
2 0.491667 0.566797 0.091667 0.055469
2 0.572222 0.565625 0.097222 0.048438
2 0.576389 0.619531 0.091667 0.051562
2 0.539583 0.668359 0.093056 0.052344
2 0.455556 0.668359 0.094444 0.055469
2 0.352778 0.658984 0.108333 0.053906
2 0.320139 0.610547 0.106944 0.049219
2 0.406944 0.598047 0.091667 0.052344
2 0.327778 0.560937 0.105556 0.056250
2 0.231944 0.581250 0.116667 0.059375
