2 0.695304 0.518847 0.0939948 0.0515106
2 0.721525 0.282894 0.0917528 0.0499839
2 0.628828 0.323095 0.0902949 0.0487968
2 0.598652 0.440738 0.0904578 0.0514841
2 0.415506 0.415965 0.103526 0.0527266
2 0.322295 0.657689 0.110884 0.0547201
2 0.716514 0.329765 0.0933312 0.0485016
2 0.727183 0.233046 0.0949754 0.0540447
2 0.62097 0.599118 0.0918226 0.0501326
2 0.635584 0.274801 0.0911182 0.0481622
2 0.476383 0.477857 0.0962196 0.0503284
2 0.679814 0.422217 0.0939038 0.0496902
2 0.690664 0.568777 0.0921114 0.051169
2 0.494103 0.381675 0.104853 0.0480167
2 0.467731 0.636262 0.0998155 0.0557415
2 0.558738 0.636461 0.0991369 0.0531351
2 0.710622 0.376727 0.0915512 0.0485036
2 0.547141 0.231857 0.108556 0.0539553
2 0.700149 0.470127 0.0949946 0.0496796
2 0.38337 0.466413 0.109992 0.0581356
2 0.678262 0.636004 0.102043 0.0540447
2 0.284607 0.547983 0.110665 0.0548973
2 0.511483 0.43185 0.0951487 0.0519043
2 0.617611 0.37545 0.106329 0.0553254
2 0.546483 0.570726 0.0944526 0.0532133
2 0.54323 0.285691 0.101822 0.0543848
2 0.543442 0.513182 0.0849541 0.0525284
2 0.641353 0.227135 0.0847259 0.0489104
2 0.379625 0.555708 0.0927899 0.0514536
2 0.286928 0.603622 0.114625 0.0580927
2 0.589749 0.68463 0.0957498 0.0550732
2 0.540872 0.343644 0.102488 0.0482131
2 0.462063 0.581609 0.087807 0.0510728
2 0.455671 0.52879 0.102952 0.053875
2 0.616568 0.541168 0.0837953 0.0490055
2 0.680181 0.688761 0.100171 0.0560334
2 0.500992 0.683287 0.0948643 0.0542728
2 0.411803 0.679722 0.0961811 0.055489
2 0.383466 0.612999 0.0953412 0.054895
2 0.617824 0.491133 0.0844191 0.0483093
