2 0.355419 0.300009 0.0427978 0.0707211
2 0.401218 0.311017 0.039612 0.0689291
2 0.238748 0.227426 0.0430271 0.0614766
2 0.698096 0.382667 0.0377894 0.0582431
2 0.543093 0.355351 0.0405548 0.0620563
2 0.327555 0.253406 0.0398114 0.0627736
2 0.28543 0.237161 0.0366746 0.0584697
2 0.257464 0.27858 0.0363415 0.0612752
2 0.787053 0.348167 0.0282021 0.0462671
2 0.723579 0.425625 0.0399385 0.0583406
2 0.66835 0.318949 0.0337353 0.0559581
2 0.803079 0.423641 0.0430436 0.0638456
2 0.634804 0.314 0.0358469 0.0543892
2 0.270534 0.331138 0.0418991 0.0675419
2 0.731129 0.334536 0.0317474 0.0526857
2 0.699959 0.327068 0.0325689 0.0525548
2 0.659553 0.371692 0.0434145 0.0619002
2 0.817182 0.361171 0.037491 0.0627858
2 0.475808 0.344978 0.0443409 0.0706691
2 0.45747 0.27949 0.037676 0.0650137
2 0.298961 0.289051 0.0400135 0.0631003
2 0.493643 0.282604 0.038002 0.0575713
2 0.59485 0.307181 0.0392472 0.0573453
2 0.385569 0.260059 0.0413533 0.0598835
2 0.424687 0.266234 0.036157 0.0528005
2 0.759719 0.364265 0.0323252 0.0550676
2 0.530566 0.291233 0.0368027 0.0550025
2 0.510357 0.326462 0.0316308 0.0512706
2 0.611728 0.357035 0.0407452 0.0661068
2 0.562332 0.305348 0.0304023 0.0524164
2 0.76391 0.350115 0.027572 0.0424944
2 0.515245 0.323905 0.0385668 0.0520727
2 0.698954 0.368407 0.0363219 0.0848563
