2 0.201563 0.307639 0.039062 0.070833
2 0.238672 0.307639 0.039844 0.073611
2 0.275000 0.313194 0.037500 0.070833
2 0.311328 0.313194 0.035156 0.065278
2 0.346875 0.312500 0.039062 0.072222
2 0.382812 0.314583 0.040625 0.068056
2 0.419141 0.313194 0.035156 0.065278
2 0.454297 0.309028 0.038281 0.051389
2 0.489844 0.311806 0.037500 0.059722
2 0.524219 0.309028 0.034375 0.048611
2 0.558203 0.315972 0.036719 0.048611
2 0.593359 0.316667 0.038281 0.055556
2 0.625391 0.318056 0.036719 0.052778
2 0.659375 0.320833 0.037500 0.052778
2 0.692969 0.323611 0.035937 0.061111
2 0.727344 0.334028 0.042188 0.065278
2 0.435156 0.352083 0.037500 0.068056
2 0.473828 0.349306 0.038281 0.070833
2 0.508594 0.354167 0.032813 0.069444
2 0.541797 0.354167 0.038281 0.069444
2 0.577734 0.358333 0.038281 0.069444
2 0.612109 0.359028 0.038281 0.070833
2 0.646875 0.359028 0.035937 0.068056
2 0.678906 0.365278 0.034375 0.061111
2 0.716406 0.363194 0.040625 0.051389
2 0.701953 0.401389 0.039844 0.066667
2 0.739844 0.401389 0.045312 0.058333
2 0.748437 0.446528 0.043750 0.056944
2 0.757422 0.491667 0.044531 0.066667
2 0.767969 0.550000 0.048438 0.086111
