2 0.491329 0.592149 0.0956965 0.0537752
2 0.346412 0.597635 0.107746 0.054311
2 0.644158 0.593564 0.094725 0.0530605
2 0.650002 0.260604 0.0911621 0.0479517
2 0.548375 0.709691 0.0950545 0.0556255
2 0.309215 0.535553 0.113094 0.0540175
2 0.638639 0.656389 0.109226 0.0552919
2 0.388588 0.505074 0.0982071 0.0520386
2 0.510774 0.661708 0.10308 0.0572003
2 0.427778 0.63057 0.103756 0.0541678
2 0.646228 0.541474 0.0939111 0.0498728
2 0.251183 0.578799 0.110994 0.0575678
2 0.456002 0.705936 0.100568 0.0561836
2 0.385846 0.30472 0.102832 0.0547598
2 0.470138 0.340126 0.100592 0.0518447
2 0.645997 0.491242 0.0927209 0.0486031
2 0.55961 0.392709 0.0928453 0.0530519
2 0.486839 0.536351 0.0884176 0.0501663
2 0.300396 0.647956 0.117072 0.0582943
2 0.649098 0.305454 0.0900695 0.0464993
2 0.625688 0.442473 0.0911779 0.0499497
2 0.477889 0.294752 0.0903103 0.0452949
2 0.40619 0.558185 0.0984189 0.05292
2 0.563829 0.299856 0.0889109 0.0457968
2 0.647204 0.396439 0.090505 0.0485453
2 0.561629 0.344285 0.0883165 0.0464039
2 0.473157 0.387644 0.0911584 0.0492859
2 0.6468 0.35148 0.0887106 0.0465892
2 0.357188 0.692623 0.110107 0.0583366
2 0.47511 0.248046 0.105015 0.051128
2 0.378746 0.378105 0.103851 0.0529055
2 0.471158 0.436843 0.0945602 0.0508267
2 0.375699 0.43071 0.109202 0.0550391
2 0.564583 0.254388 0.085415 0.0475483
2 0.470902 0.486352 0.101145 0.0519746
2 0.642152 0.711411 0.0975089 0.0549232
2 0.564992 0.563299 0.0852648 0.0517702
2 0.569362 0.620807 0.0926356 0.0501051
2 0.546459 0.461737 0.0854029 0.0508238
2 0.564587 0.512431 0.0819401 0.0491797
