2 0.5717 0.328724 0.0937696 0.0487077
2 0.530646 0.608262 0.0963167 0.0497734
2 0.690746 0.432925 0.0911906 0.0502253
2 0.51923 0.425033 0.0881548 0.0485081
2 0.732204 0.529456 0.114961 0.055345
2 0.698494 0.38224 0.0994485 0.0518429
2 0.6701 0.572824 0.0921058 0.0503046
2 0.712152 0.616331 0.0937062 0.0517796
2 0.583228 0.567928 0.0941645 0.0528011
2 0.542558 0.377841 0.0989818 0.0506208
2 0.476737 0.648223 0.0947233 0.0513008
2 0.222277 0.545314 0.0881863 0.0498318
2 0.391655 0.463529 0.102835 0.0520358
2 0.758227 0.57303 0.0932709 0.0514976
2 0.747906 0.663834 0.0940552 0.0537511
2 0.580224 0.474914 0.0981762 0.0516645
2 0.435022 0.400054 0.0972721 0.0528776
2 0.399651 0.558596 0.0923731 0.0512758
2 0.492419 0.563117 0.0952401 0.0522656
2 0.451894 0.517712 0.0939416 0.0513157
2 0.347585 0.372129 0.10828 0.0556807
2 0.384208 0.643864 0.0957943 0.0531263
2 0.344942 0.423712 0.103857 0.0518071
2 0.27147 0.501469 0.103544 0.0530483
2 0.673746 0.481983 0.093131 0.052014
2 0.486291 0.471118 0.0927966 0.0505224
2 0.543836 0.520472 0.0958076 0.0503877
2 0.631914 0.525504 0.094112 0.0505645
2 0.613679 0.409357 0.0938974 0.052081
2 0.621881 0.613612 0.0945065 0.0529526
2 0.567524 0.654166 0.0930134 0.0491948
2 0.255069 0.592629 0.100075 0.0520709
2 0.438194 0.603446 0.0922382 0.0508607
2 0.760511 0.483773 0.0883713 0.0476118
2 0.346965 0.597882 0.0923104 0.0489668
2 0.291938 0.639028 0.0962836 0.0510797
2 0.310191 0.551431 0.0912257 0.0499392
2 0.656372 0.657969 0.0943527 0.053994
2 0.362848 0.510214 0.0944996 0.0518359
2 0.194268 0.639263 0.117952 0.0627333
