2 0.329593 0.290918 0.0400647 0.0746156
2 0.290614 0.292838 0.0410389 0.0742316
2 0.614579 0.334056 0.0389982 0.0721878
2 0.541395 0.339541 0.0400536 0.0762377
2 0.251762 0.294957 0.0420358 0.0765593
2 0.426702 0.34378 0.0446116 0.0779115
2 0.368555 0.290892 0.0395927 0.0738157
2 0.466876 0.340482 0.039699 0.0742705
2 0.503922 0.339898 0.0398087 0.0764064
2 0.578062 0.335804 0.0394039 0.0770282
2 0.743564 0.386838 0.0394144 0.0661772
2 0.699482 0.280326 0.0347649 0.0638379
2 0.1685 0.29857 0.0477727 0.0793521
2 0.210364 0.294945 0.043495 0.0765579
2 0.754476 0.587696 0.0479469 0.0775219
2 0.651807 0.335039 0.0399139 0.0737026
2 0.446032 0.283826 0.0405576 0.0680471
2 0.705116 0.391359 0.0420334 0.0719016
2 0.722808 0.331282 0.0376801 0.0639543
2 0.483528 0.281326 0.0397697 0.0663904
2 0.734522 0.277456 0.040556 0.0623588
2 0.594071 0.277643 0.0389749 0.0659553
2 0.746317 0.4525 0.0443084 0.0707031
2 0.520597 0.279824 0.0398009 0.0671448
2 0.406156 0.287427 0.0386439 0.069785
2 0.557239 0.278455 0.0403782 0.0654762
2 0.630143 0.27973 0.0392968 0.0694489
2 0.665536 0.278363 0.0371944 0.0641761
2 0.686392 0.336273 0.036654 0.0709524
2 0.750639 0.51841 0.0427821 0.0672011
2 0.206657 0.288055 0.0412252 0.0586413
2 0.411356 0.308379 0.046071 0.0676017
2 0.217695 0.287079 0.0456934 0.0604477
