2 0.687155 0.271609 0.0290377 0.0465879
2 0.727478 0.960194 0.046547 0.0748454
2 0.729195 0.890461 0.0389738 0.069732
2 0.678256 0.375974 0.037366 0.060287
2 0.724021 0.510524 0.0321464 0.0600203
2 0.693394 0.597932 0.0364227 0.0609828
2 0.729812 0.821083 0.0378987 0.0701257
2 0.695123 0.6572 0.0357137 0.0594987
2 0.729197 0.755432 0.0356989 0.063937
2 0.693119 0.538548 0.0348413 0.0599377
2 0.694845 0.847789 0.0368101 0.0667087
2 0.692146 0.480066 0.0330499 0.0598517
2 0.695388 0.783519 0.0355145 0.0648521
2 0.148165 0.220601 0.0371102 0.0637095
2 0.65423 0.26783 0.0326416 0.0523067
2 0.723516 0.454152 0.031138 0.0545514
2 0.640211 0.374195 0.0361224 0.0613249
2 0.717144 0.293288 0.0296968 0.0505998
2 0.695715 0.915496 0.0372188 0.0698812
2 0.728772 0.691161 0.0332609 0.0624415
2 0.692293 0.425267 0.0337288 0.0518512
2 0.654053 0.322134 0.0341997 0.0557741
2 0.694117 0.719182 0.0316661 0.0565562
2 0.727902 0.629834 0.0320663 0.0600084
2 0.663172 0.452648 0.0354802 0.0572717
2 0.726277 0.568646 0.0317213 0.0591271
2 0.721603 0.39947 0.0289948 0.0523861
2 0.688153 0.325414 0.032889 0.0543983
2 0.719281 0.344994 0.0315936 0.0530993
2 0.69493 0.695613 0.0353771 0.0471595
2 0.662394 0.431883 0.034831 0.0484573
2 0.692486 0.528667 0.0337015 0.0461824
