2 0.165234 0.285417 0.038281 0.070833
2 0.669922 0.364583 0.028906 0.048611
2 0.701562 0.365972 0.026562 0.054167
2 0.732422 0.388194 0.030469 0.054167
2 0.669531 0.418056 0.035937 0.050000
2 0.703125 0.420139 0.025000 0.054167
2 0.734766 0.439583 0.032031 0.059722
2 0.653906 0.461111 0.031250 0.058333
2 0.693750 0.472222 0.039062 0.058333
2 0.733984 0.500000 0.028906 0.061111
2 0.706641 0.525000 0.032031 0.050000
2 0.675391 0.543750 0.035156 0.059722
2 0.704297 0.577778 0.035156 0.058333
2 0.737109 0.611806 0.036719 0.073611
2 0.733984 0.555556 0.030469 0.058333
2 0.703906 0.640278 0.034375 0.050000
2 0.736719 0.674306 0.031250 0.054167
2 0.704297 0.694444 0.035156 0.055556
2 0.735938 0.731944 0.034375 0.069444
2 0.703516 0.758333 0.030469 0.058333
2 0.735938 0.794444 0.040625 0.066667
2 0.704297 0.823611 0.036719 0.061111
2 0.735156 0.861806 0.037500 0.065278
2 0.701172 0.886806 0.036719 0.065278
2 0.733984 0.925000 0.035156 0.061111
2 0.699609 0.956250 0.036719 0.056944
2 0.732422 0.978472 0.036719 0.043056
