2 0.657639 0.307031 0.087500 0.040625
2 0.661111 0.343750 0.083333 0.042188
2 0.663194 0.386328 0.084722 0.044531
2 0.667361 0.426563 0.084722 0.043750
2 0.668056 0.467969 0.088889 0.050000
2 0.670833 0.512109 0.094444 0.046094
2 0.672917 0.559766 0.095833 0.047656
2 0.673611 0.608203 0.097222 0.050781
2 0.677778 0.659766 0.102778 0.050781
2 0.679861 0.714844 0.104167 0.053125
2 0.576389 0.306250 0.083333 0.037500
2 0.581944 0.346094 0.086111 0.040625
2 0.576389 0.385156 0.086111 0.037500
2 0.581250 0.426563 0.084722 0.045312
2 0.581944 0.469141 0.088889 0.044531
2 0.578472 0.514844 0.090278 0.048438
2 0.579861 0.560937 0.090278 0.043750
2 0.581944 0.608594 0.088889 0.050000
2 0.582639 0.660156 0.093056 0.051562
2 0.488194 0.670312 0.090278 0.050000
2 0.491667 0.624219 0.094444 0.050000
2 0.492361 0.574609 0.090278 0.047656
2 0.408333 0.566797 0.088889 0.046094
2 0.404167 0.521484 0.086111 0.046094
2 0.497917 0.528125 0.081944 0.040625
2 0.461111 0.484766 0.086111 0.041406
2 0.509028 0.448047 0.084722 0.041406
2 0.494444 0.384766 0.086111 0.041406
2 0.495833 0.343750 0.083333 0.040625
2 0.495833 0.310937 0.077778 0.043750
2 0.415972 0.308984 0.079167 0.039844
2 0.413889 0.346875 0.083333 0.043750
2 0.400694 0.385547 0.084722 0.038281
2 0.443750 0.417187 0.084722 0.042188
2 0.337500 0.305469 0.088889 0.037500
2 0.335417 0.348047 0.087500 0.047656
2 0.257639 0.368750 0.090278 0.046875
2 0.325694 0.401172 0.090278 0.047656
2 0.370139 0.437500 0.076389 0.048438
2 0.355556 0.478906 0.086111 0.042188
