2 0.433 0.408356 0.0512072 0.0856775
2 0.493109 0.282469 0.0498827 0.0949478
2 0.368679 0.464319 0.0564779 0.0971162
2 0.6538 0.226875 0.0508751 0.0897567
2 0.434206 0.308784 0.0518517 0.0896974
2 0.701753 0.288615 0.0509909 0.0848011
2 0.0426248 0.076026 0.0428514 0.0748038
2 0.643181 0.365269 0.0532284 0.0956331
2 0.482854 0.567561 0.0584925 0.104015
2 0.560934 0.343903 0.0524117 0.097271
2 0.744633 0.408452 0.0549391 0.0984734
2 0.694341 0.388835 0.0530772 0.0980004
2 0.985837 0.94877 0.0283251 0.102461
