2 0.214844 0.370833 0.037500 0.075000
2 0.253125 0.375000 0.039062 0.072222
2 0.289844 0.379167 0.035937 0.066667
2 0.324609 0.376389 0.038281 0.066667
2 0.324609 0.438194 0.046094 0.073611
2 0.360547 0.384722 0.033594 0.066667
2 0.394141 0.388194 0.038281 0.062500
2 0.403516 0.441667 0.039844 0.075000
2 0.430859 0.396528 0.036719 0.065278
2 0.447266 0.438194 0.038281 0.068056
2 0.466797 0.400000 0.032031 0.069444
2 0.499219 0.404167 0.034375 0.069444
2 0.532422 0.403472 0.033594 0.070833
2 0.568750 0.408333 0.032813 0.058333
2 0.600781 0.410417 0.034375 0.056944
2 0.632812 0.413194 0.032813 0.054167
2 0.666797 0.419444 0.032031 0.052778
2 0.696875 0.425000 0.035937 0.063889
2 0.730469 0.428472 0.035937 0.056944
2 0.551562 0.447222 0.039062 0.066667
2 0.584375 0.458333 0.032813 0.066667
2 0.618359 0.459722 0.035156 0.075000
2 0.653516 0.465278 0.035156 0.069444
2 0.685156 0.469444 0.035937 0.063889
2 0.718359 0.468056 0.036719 0.066667
2 0.705078 0.518056 0.039844 0.075000
2 0.738281 0.522222 0.039062 0.072222
2 0.742188 0.576389 0.045312 0.055556
2 0.747656 0.632639 0.043750 0.073611
2 0.753906 0.697222 0.048438 0.077778
