2 0.272504 0.487302 0.036318 0.0628683
2 0.272632 0.424266 0.0352271 0.0623693
2 0.271047 0.549837 0.0376255 0.0676008
2 0.278147 0.298576 0.0371271 0.0621813
2 0.310123 0.339063 0.0359305 0.061028
2 0.272091 0.0240962 0.0334857 0.0481924
2 0.29576 0.113122 0.0385581 0.0614079
2 0.307223 0.411021 0.0372921 0.0618042
2 0.260446 0.137344 0.0343438 0.0604137
2 0.267979 0.678252 0.0366567 0.063601
2 0.266285 0.0786731 0.0351991 0.0606728
2 0.236093 0.582428 0.0363903 0.0653513
2 0.229571 0.481447 0.0408504 0.0540907
2 0.269238 0.614023 0.0390423 0.0661504
2 0.300639 0.053095 0.0376579 0.0593997
2 0.232411 0.777972 0.0363086 0.0641832
2 0.283886 0.23384 0.0376543 0.0620622
2 0.276484 0.360847 0.0359717 0.0629879
2 0.254837 0.196778 0.03462 0.06311
2 0.220964 0.678334 0.0421529 0.0693515
2 0.236284 0.283267 0.0415624 0.0599263
2 0.241154 0.391934 0.0360804 0.0647907
2 0.245002 0.330044 0.0333363 0.0596227
2 0.290667 0.174073 0.0380417 0.0626615
2 0.235966 0.524811 0.0339382 0.0535305
2 0.269501 0.776555 0.040115 0.0728828
2 0.236947 0.719978 0.0338666 0.0529802
2 0.237132 0.640007 0.0336864 0.0537716
2 0.242264 0.447355 0.031897 0.050385
2 0.253768 0.251458 0.0309397 0.0502098
2 0.248297 0.437974 0.0323748 0.0564072
