2 0.723361 0.518932 0.0968228 0.0517054
2 0.698309 0.423749 0.093357 0.0505323
2 0.579563 0.317455 0.09871 0.0519498
2 0.395286 0.450223 0.104291 0.0518001
2 0.551193 0.367685 0.0960292 0.0500942
2 0.708916 0.374 0.0987591 0.0528734
2 0.712139 0.60684 0.0953295 0.054035
2 0.671647 0.560082 0.0954358 0.0502092
2 0.528112 0.414816 0.0937987 0.0495068
2 0.313989 0.534398 0.0892677 0.0487648
2 0.353485 0.409501 0.104762 0.0497696
2 0.401201 0.542301 0.0924018 0.0507093
2 0.675921 0.470926 0.0960856 0.0507224
2 0.762429 0.562815 0.0932241 0.051392
2 0.566226 0.638971 0.0942274 0.0513759
2 0.225826 0.528108 0.0938939 0.0494341
2 0.348902 0.357338 0.107787 0.0548565
2 0.382442 0.62456 0.0921221 0.0513878
2 0.471205 0.630693 0.0912638 0.0483664
2 0.634636 0.516098 0.0945699 0.0493994
2 0.746417 0.651005 0.0925964 0.0524513
2 0.492514 0.547861 0.0922797 0.0498566
2 0.457294 0.502552 0.0928757 0.0515385
2 0.528468 0.593543 0.0945855 0.0502211
2 0.296357 0.61809 0.0893123 0.0491039
2 0.349038 0.579903 0.0910038 0.0499567
2 0.615957 0.401741 0.0899028 0.0513324
2 0.36859 0.496018 0.0918859 0.0491653
2 0.580891 0.556398 0.093712 0.0516014
2 0.276407 0.48871 0.101185 0.0504818
2 0.489752 0.457543 0.0934389 0.0500397
2 0.204371 0.615684 0.103578 0.0565266
2 0.655259 0.643435 0.0933589 0.0508807
2 0.441737 0.388431 0.0914464 0.0515869
2 0.618247 0.601543 0.0967254 0.0552086
2 0.764905 0.475204 0.0918152 0.0475743
2 0.583815 0.464059 0.0958315 0.051262
2 0.546275 0.508367 0.0938422 0.0498287
2 0.436577 0.586343 0.0938241 0.0488081
2 0.256743 0.574803 0.09885 0.0526756
