2 0.654204 0.379727 0.0881318 0.0466012
2 0.571172 0.334773 0.0831416 0.0426005
2 0.577663 0.485963 0.0825861 0.046937
2 0.657411 0.468076 0.0913122 0.0482043
2 0.577814 0.534463 0.0858187 0.0480595
2 0.405166 0.287163 0.0879929 0.0455276
2 0.579013 0.685447 0.0910671 0.052378
2 0.424363 0.457267 0.0867069 0.0451134
2 0.648383 0.297554 0.0825161 0.0409602
2 0.496485 0.656261 0.0926993 0.0525342
2 0.5689 0.294547 0.080486 0.0425437
2 0.663805 0.715884 0.104898 0.0565525
2 0.404565 0.667912 0.102172 0.0546528
2 0.66611 0.663732 0.092335 0.052426
2 0.579502 0.634326 0.0890003 0.0499759
2 0.497877 0.554228 0.0894647 0.0495961
2 0.497713 0.604325 0.0914488 0.0499519
2 0.663113 0.56176 0.0910233 0.0507293
2 0.663234 0.611556 0.0934138 0.051435
2 0.396053 0.370157 0.0979728 0.0466724
2 0.578398 0.583388 0.0864527 0.0489752
2 0.656168 0.422745 0.0904859 0.0451909
2 0.498337 0.709883 0.0933592 0.0537895
2 0.653653 0.336788 0.0858848 0.0424249
2 0.508859 0.460297 0.0879974 0.0477152
2 0.499753 0.506537 0.0873853 0.0461311
2 0.568405 0.420644 0.0904531 0.0484635
2 0.316099 0.290604 0.0963359 0.0456
2 0.480119 0.417635 0.0890805 0.0461253
2 0.487046 0.331223 0.0851515 0.0447433
2 0.660866 0.514192 0.0906915 0.0508877
2 0.314726 0.336556 0.0999073 0.0517253
2 0.567875 0.377329 0.0876202 0.046077
2 0.409228 0.552635 0.0915368 0.0505016
2 0.406796 0.609266 0.0957147 0.054646
2 0.403346 0.328808 0.0835822 0.0434445
2 0.485589 0.373022 0.0850277 0.0455797
2 0.487477 0.290431 0.0829656 0.0442303
2 0.413767 0.504533 0.0930752 0.0491041
2 0.392235 0.413931 0.0909641 0.0463794
