2 0.485588 0.339806 0.0379625 0.0728822
2 0.728351 0.34424 0.0343555 0.0587562
2 0.35491 0.284444 0.0378135 0.0744667
2 0.44646 0.339648 0.0434069 0.0745163
2 0.240443 0.281182 0.0411289 0.0781522
2 0.316731 0.283134 0.0395475 0.0763083
2 0.708112 0.295536 0.0332923 0.0578738
2 0.501605 0.285218 0.0381127 0.0600876
2 0.520948 0.340847 0.0368185 0.0690435
2 0.555954 0.343356 0.0374733 0.0685516
2 0.694629 0.346106 0.0371393 0.0669346
2 0.572325 0.288284 0.0365203 0.0607749
2 0.591626 0.343287 0.0383273 0.0685457
2 0.74171 0.295345 0.0369538 0.0596057
2 0.537173 0.288088 0.0370075 0.0627643
2 0.64142 0.290192 0.0361357 0.0619412
2 0.392078 0.286503 0.0373687 0.070757
2 0.713062 0.399457 0.0375259 0.0669161
2 0.278407 0.282452 0.0399418 0.0769733
2 0.200225 0.282058 0.0447655 0.0776558
2 0.752864 0.459223 0.0415177 0.0651038
2 0.606769 0.288559 0.0361118 0.0614015
2 0.627244 0.345277 0.0387762 0.0722629
2 0.756493 0.521275 0.0450403 0.0654739
2 0.749867 0.39858 0.0384104 0.0645972
2 0.675247 0.293087 0.0355782 0.0610597
2 0.661559 0.34513 0.035661 0.0719727
2 0.429096 0.286868 0.0382447 0.0684994
2 0.761324 0.588791 0.0490417 0.0740504
2 0.465632 0.284549 0.038583 0.0608083
2 0.472687 0.305042 0.0444696 0.0540479
