2 0.153737 0.446468 0.0610684 0.0995811
2 0.338829 0.385113 0.0547416 0.0893015
2 0.356092 0.474106 0.0599689 0.103832
2 0.197287 0.396834 0.0568238 0.0967424
2 0.321451 0.247066 0.0487016 0.0874207
2 0.313678 0.338501 0.0517979 0.0849428
2 0.390134 0.188621 0.0463557 0.0827399
2 0.235052 0.352366 0.0533119 0.0929787
2 0.290802 0.289967 0.0488306 0.078478
2 0.505294 0.169282 0.0467946 0.0859436
2 0.368144 0.254691 0.0481108 0.0823877
2 0.35429 0.206712 0.0447336 0.0699771
2 0.306113 0.266572 0.0519176 0.0947069
