2 0.218056 0.337891 0.086111 0.041406
2 0.308333 0.339844 0.075000 0.039062
2 0.379861 0.338281 0.079167 0.045312
2 0.454167 0.337891 0.075000 0.038281
2 0.534028 0.339844 0.076389 0.040625
2 0.606250 0.337891 0.076389 0.033594
2 0.684722 0.335547 0.083333 0.042969
2 0.675694 0.374219 0.081944 0.039062
2 0.693056 0.414844 0.080556 0.042188
2 0.600000 0.374219 0.080556 0.040625
2 0.521528 0.375781 0.076389 0.032813
2 0.447917 0.375391 0.081944 0.038281
2 0.366667 0.376172 0.069444 0.039844
2 0.295833 0.375000 0.072222 0.039062
2 0.218750 0.376953 0.090278 0.038281
2 0.213194 0.417187 0.079167 0.043750
2 0.286806 0.414453 0.079167 0.041406
2 0.367361 0.416797 0.090278 0.046094
2 0.454861 0.413281 0.079167 0.040625
2 0.534028 0.415625 0.076389 0.042188
2 0.609722 0.414844 0.077778 0.040625
2 0.207639 0.458203 0.081944 0.039844
2 0.286806 0.458203 0.084722 0.044531
2 0.204861 0.500391 0.087500 0.050781
2 0.284028 0.500000 0.079167 0.048438
2 0.362500 0.478125 0.086111 0.043750
2 0.453472 0.486328 0.079167 0.041406
2 0.536111 0.486719 0.083333 0.040625
2 0.416667 0.449609 0.077778 0.042969
2 0.495833 0.449219 0.069444 0.042188
2 0.579167 0.450000 0.072222 0.042188
2 0.688194 0.453906 0.084722 0.042188
2 0.620833 0.484375 0.066667 0.040625
2 0.698611 0.496875 0.080556 0.045312
2 0.706250 0.537891 0.079167 0.049219
2 0.647222 0.572656 0.086111 0.039062
2 0.381250 0.514453 0.084722 0.046094
2 0.456944 0.528516 0.083333 0.044531
2 0.539583 0.532813 0.084722 0.045312
2 0.618056 0.529297 0.077778 0.046094
