2 0.477988 0.359561 0.0375091 0.0711339
2 0.441037 0.357588 0.0402563 0.0686434
2 0.354867 0.30783 0.037007 0.068907
2 0.59622 0.316914 0.0356672 0.0560054
2 0.614268 0.368734 0.0360447 0.0711182
2 0.580593 0.364768 0.0362241 0.0671597
2 0.647004 0.371072 0.0344107 0.0703471
2 0.461125 0.309745 0.0369408 0.057004
2 0.390714 0.309404 0.036698 0.0674268
2 0.245955 0.300984 0.0385079 0.0710206
2 0.680851 0.371416 0.0357581 0.0654082
2 0.661129 0.323995 0.0345753 0.0584162
2 0.629406 0.318638 0.0341274 0.0562276
2 0.561594 0.31434 0.0350122 0.0559767
2 0.282561 0.302978 0.0372108 0.0706551
2 0.42641 0.311128 0.037219 0.0646891
2 0.547164 0.362015 0.0356798 0.0694948
2 0.513002 0.359852 0.0370293 0.0718369
2 0.319041 0.30556 0.0388933 0.0730637
2 0.750444 0.596577 0.0437956 0.0734124
2 0.494379 0.310735 0.0355885 0.0567783
2 0.528674 0.311108 0.0355456 0.0571004
2 0.734975 0.420712 0.0357939 0.0581072
2 0.741525 0.535313 0.0431105 0.0624768
2 0.69292 0.326671 0.0333609 0.0543238
2 0.208977 0.297305 0.0372512 0.070217
2 0.698447 0.421058 0.0389969 0.0652625
2 0.726268 0.32837 0.0346031 0.0574499
2 0.738649 0.476912 0.0401398 0.0611492
2 0.714569 0.371422 0.0352002 0.0537679
2 0.62493 0.370515 0.0404884 0.0691518
