2 0.203516 0.356250 0.041406 0.073611
2 0.241016 0.353472 0.041406 0.079167
2 0.276953 0.350694 0.039844 0.076389
2 0.313672 0.345139 0.038281 0.073611
2 0.350000 0.346528 0.037500 0.070833
2 0.386719 0.345139 0.037500 0.068056
2 0.421484 0.337500 0.035156 0.066667
2 0.458984 0.336806 0.032031 0.056944
2 0.491016 0.331250 0.033594 0.062500
2 0.528125 0.327778 0.037500 0.063889
2 0.564063 0.331944 0.032813 0.063889
2 0.596875 0.324306 0.034375 0.054167
2 0.631250 0.319444 0.035937 0.061111
2 0.665625 0.323611 0.034375 0.061111
2 0.695703 0.321528 0.033594 0.059722
2 0.731250 0.316667 0.037500 0.052778
2 0.441016 0.362500 0.038281 0.072222
2 0.476953 0.361806 0.039844 0.070833
2 0.512891 0.356250 0.035156 0.073611
2 0.548438 0.352778 0.039062 0.063889
2 0.583984 0.349306 0.038281 0.070833
2 0.619531 0.352083 0.035937 0.068056
2 0.654297 0.351389 0.033594 0.069444
2 0.689453 0.350000 0.035156 0.061111
2 0.725391 0.348611 0.032031 0.058333
2 0.713281 0.373611 0.039062 0.063889
2 0.752734 0.369444 0.036719 0.066667
2 0.764844 0.401389 0.042188 0.061111
2 0.780078 0.430556 0.046094 0.072222
2 0.795703 0.471528 0.052344 0.079167
