2 0.221484 0.320139 0.036719 0.070833
2 0.255859 0.321528 0.038281 0.062500
2 0.292187 0.320833 0.037500 0.063889
2 0.329688 0.320139 0.034375 0.065278
2 0.363672 0.318056 0.035156 0.066667
2 0.400781 0.317361 0.035937 0.068056
2 0.436719 0.315278 0.031250 0.058333
2 0.472266 0.311111 0.033594 0.044444
2 0.505859 0.308333 0.033594 0.047222
2 0.541797 0.302083 0.032031 0.043056
2 0.578516 0.306250 0.030469 0.043056
2 0.610938 0.303472 0.032813 0.045833
2 0.642188 0.303472 0.029687 0.043056
2 0.675391 0.307639 0.038281 0.040278
2 0.708203 0.308333 0.033594 0.047222
2 0.741016 0.312500 0.035156 0.055556
2 0.455469 0.350694 0.040625 0.062500
2 0.489453 0.348611 0.036719 0.069444
2 0.526563 0.349306 0.032813 0.059722
2 0.560156 0.344444 0.037500 0.075000
2 0.594531 0.346528 0.031250 0.065278
2 0.628125 0.346528 0.039062 0.068056
2 0.662891 0.345139 0.035156 0.068056
2 0.697266 0.342361 0.036719 0.062500
2 0.735156 0.337500 0.042188 0.047222
2 0.720703 0.381250 0.038281 0.068056
2 0.756641 0.382639 0.044531 0.054167
2 0.770312 0.416667 0.043750 0.052778
2 0.778516 0.466667 0.049219 0.055556
2 0.795703 0.515278 0.052344 0.072222
