2 0.423075 0.510121 0.0501488 0.0935259
2 0.310763 0.394033 0.0442896 0.0795992
2 0.286241 0.444732 0.046671 0.0843863
2 0.419407 0.189999 0.0404516 0.073159
2 0.350039 0.320532 0.0424375 0.078159
2 0.389968 0.220128 0.0416067 0.0613685
2 0.517526 0.155084 0.0426429 0.0785912
2 0.258324 0.500538 0.0500335 0.0845234
2 0.372741 0.372456 0.0434025 0.0790392
2 0.409399 0.270033 0.0417413 0.0799622
2 0.368272 0.264597 0.0436847 0.0732269
2 0.399051 0.418644 0.0451052 0.0831816
2 0.404681 0.254345 0.0369349 0.0762231
2 0.268609 0.491236 0.0483014 0.0753701
