2 0.311328 0.015278 0.030469 0.027778
2 0.345313 0.050000 0.042188 0.058333
2 0.305469 0.059722 0.040625 0.069444
2 0.334375 0.110417 0.037500 0.070833
2 0.300781 0.120833 0.035937 0.055556
2 0.282813 0.149306 0.039062 0.065278
2 0.287500 0.202083 0.039062 0.068056
2 0.323828 0.172917 0.038281 0.065278
2 0.319922 0.240972 0.038281 0.070833
2 0.353516 0.222917 0.038281 0.073611
2 0.279687 0.259028 0.037500 0.062500
2 0.280859 0.326389 0.030469 0.055556
2 0.267969 0.354167 0.040625 0.066667
2 0.312891 0.303472 0.041406 0.073611
2 0.345703 0.352778 0.038281 0.063889
2 0.310156 0.375694 0.039062 0.062500
2 0.305469 0.435417 0.037500 0.070833
2 0.274219 0.404167 0.037500 0.072222
2 0.267969 0.465972 0.037500 0.073611
2 0.301172 0.511111 0.035156 0.075000
2 0.264453 0.529167 0.039844 0.069444
2 0.250781 0.567361 0.040625 0.059722
2 0.296484 0.577778 0.039844 0.080556
2 0.260547 0.613194 0.039844 0.073611
2 0.255469 0.672222 0.035937 0.058333
2 0.294531 0.687500 0.039062 0.072222
